100 25
SEPARATOR FOR TOPIC0
PARTITION SEPARATOR0 57324
1 49737
2 83457
3 57324
4 56481
5 5058
6 5901
7 60696
8 53109
9 46365
10 72498
11 60696
12 1686
13 30348
14 0
15 61539
16 5901
17 44679
18 53109
19 63225
20 75870
21 53952
22 48051
23 4215
24 41307
SEPARATOR FOR TOPIC1
PARTITION SEPARATOR0 25296
1 3689
2 30039
3 39525
4 50065
5 4216
6 18445
7 23188
8 35836
9 15283
10 44795
11 28985
12 22134
13 6851
14 21080
15 6324
16 527
17 41106
18 51646
19 2108
20 1054
21 30039
22 1581
23 26877
24 42160
SEPARATOR FOR TOPIC2
PARTITION SEPARATOR0 2765
1 6873
2 6952
3 1738
4 3081
5 948
6 1896
7 4582
8 4977
9 395
10 5530
11 237
12 2370
13 5767
14 4582
15 5214
16 5846
17 3318
18 1027
19 553
20 6794
21 1185
22 6873
23 1975
24 158
SEPARATOR FOR TOPIC3
PARTITION SEPARATOR0 83776
1 65688
2 12376
3 59024
4 25704
5 92344
6 29512
7 10472
8 75208
9 60928
10 26656
11 34272
12 59976
13 93296
14 30464
15 28560
16 56168
17 40936
18 25704
19 31416
20 21896
21 30464
22 36176
23 7616
24 25704
SEPARATOR FOR TOPIC4
PARTITION SEPARATOR0 639
1 540
2 648
3 405
4 450
5 297
6 117
7 342
8 612
9 81
10 504
11 63
12 684
13 405
14 585
15 711
16 603
17 27
18 864
19 792
20 234
21 432
22 891
23 315
24 531
SEPARATOR FOR TOPIC5
PARTITION SEPARATOR0 17618
1 23746
2 39832
3 63578
4 31406
5 46726
6 49024
7 39832
8 75834
9 53620
10 68174
11 19150
12 46726
13 27576
14 7660
15 66642
16 51322
17 67408
18 41364
19 45194
20 30640
21 61280
22 71238
23 24512
24 64344
SEPARATOR FOR TOPIC6
PARTITION SEPARATOR0 10143
1 18354
2 4830
3 46851
4 47817
5 28980
6 3381
7 19803
8 40089
9 7728
10 9177
11 34776
12 27048
13 5313
14 40089
15 9660
16 34776
17 33327
18 31395
19 11109
20 1932
21 7728
22 37674
23 24150
24 3864
SEPARATOR FOR TOPIC7
PARTITION SEPARATOR0 9774
1 34209
2 51042
3 44526
4 23349
5 21720
6 4344
7 25521
8 27150
9 4887
10 15747
11 8145
12 8688
13 19548
14 21720
15 34752
16 14118
17 8145
18 1629
19 36381
20 27693
21 40725
22 6516
23 5430
24 18462
SEPARATOR FOR TOPIC8
PARTITION SEPARATOR0 38480
1 17797
2 32708
3 12025
4 18759
5 23569
6 19721
7 25974
8 18278
9 21164
10 39923
11 42809
12 34632
13 41366
14 15873
15 26936
16 43771
17 14911
18 10582
19 19240
20 13949
21 6734
22 18759
23 36556
24 12987
SEPARATOR FOR TOPIC9
PARTITION SEPARATOR0 31629
1 78667
2 9732
3 30007
4 29196
5 64069
6 35684
7 38928
8 20275
9 56770
10 24330
11 8110
12 10543
13 61636
14 59203
15 52715
16 33251
17 73801
18 35684
19 8110
20 15409
21 72990
22 41361
23 70557
24 25952
SEPARATOR FOR TOPIC10
PARTITION SEPARATOR0 25560
1 39192
2 1136
3 14768
4 37488
5 32376
6 28400
7 16472
8 36352
9 11360
10 48848
11 43168
12 30672
13 33512
14 23288
15 19312
16 568
17 25560
18 2840
19 53392
20 53392
21 5112
22 7384
23 20448
24 31240
SEPARATOR FOR TOPIC11
PARTITION SEPARATOR0 954
1 4134
2 3604
3 1007
4 4664
5 2703
6 3180
7 1060
8 1696
9 3127
10 4293
11 106
12 4187
13 3074
14 1590
15 1431
16 2915
17 5035
18 2915
19 371
20 4081
21 106
22 3392
23 477
24 4929
SEPARATOR FOR TOPIC12
PARTITION SEPARATOR0 15624
1 2604
2 11284
3 1302
4 20181
5 6510
6 10850
7 3906
8 4557
9 8897
10 18228
11 6944
12 15190
13 8897
14 4557
15 17794
16 18662
17 4774
18 12369
19 19096
20 2604
21 11935
22 4123
23 19313
24 17794
SEPARATOR FOR TOPIC13
PARTITION SEPARATOR0 44482
1 10637
2 85096
3 40614
4 21274
5 29977
6 79294
7 1934
8 79294
9 2901
10 7736
11 70591
12 42548
13 8703
14 46416
15 40614
16 87030
17 12571
18 56086
19 75426
20 77360
21 32878
22 42548
23 62855
24 56086
SEPARATOR FOR TOPIC14
PARTITION SEPARATOR0 23772
1 1698
2 12735
3 78108
4 73014
5 849
6 26319
7 46695
8 78957
9 23772
10 80655
11 11886
12 71316
13 28017
14 74712
15 80655
16 4245
17 54336
18 80655
19 58581
20 59430
21 0
22 10188
23 3396
24 65373
SEPARATOR FOR TOPIC15
PARTITION SEPARATOR0 38680
1 67690
2 8703
3 59954
4 3868
5 8703
6 48350
7 20307
8 45449
9 28043
10 90898
11 2901
12 30944
13 61888
14 95733
15 56086
16 46416
17 63822
18 8703
19 59954
20 87997
21 43515
22 14505
23 85096
24 7736
SEPARATOR FOR TOPIC16
PARTITION SEPARATOR0 85162
1 44319
2 63437
3 51271
4 39105
5 68651
6 9559
7 57354
8 869
9 5214
10 86031
11 29546
12 46926
13 24332
14 29546
15 869
16 73865
17 31284
18 40843
19 26070
20 56485
21 15642
22 86031
23 28677
24 69520
SEPARATOR FOR TOPIC17
PARTITION SEPARATOR0 60590
1 18260
2 24900
3 2490
4 48970
5 76360
6 52290
7 24900
8 36520
9 48970
10 48970
11 7470
12 11620
13 79680
14 80510
15 19090
16 29880
17 32370
18 50630
19 9130
20 14940
21 25730
22 63080
23 42330
24 62250
SEPARATOR FOR TOPIC18
PARTITION SEPARATOR0 46580
1 4795
2 28770
3 28770
4 17810
5 66445
6 6165
7 50690
8 48635
9 55485
10 10960
11 67130
12 36305
13 38360
14 37675
15 67130
16 23975
17 43840
18 67130
19 9590
20 43840
21 67130
22 6165
23 18495
24 67815
SEPARATOR FOR TOPIC19
PARTITION SEPARATOR0 54290
1 2440
2 56730
3 6100
4 34770
5 45140
6 17080
7 7320
8 40870
9 50020
10 56120
11 32330
12 43920
13 0
14 10980
15 5490
16 40870
17 9150
18 0
19 25620
20 610
21 29280
22 24400
23 60390
24 30500
SEPARATOR FOR TOPIC20
PARTITION SEPARATOR0 18744
1 44304
2 63900
3 19596
4 49416
5 1704
6 63048
7 24708
8 82644
9 6816
10 63048
11 70716
12 58788
13 40896
14 69012
15 11076
16 14484
17 22152
18 54528
19 5964
20 19596
21 5112
22 56232
23 852
24 73272
SEPARATOR FOR TOPIC21
PARTITION SEPARATOR0 22630
1 730
2 45990
3 8030
4 52560
5 54020
6 5110
7 22630
8 15330
9 64970
10 42340
11 17520
12 8760
13 63510
14 57670
15 51100
16 0
17 20440
18 19710
19 730
20 1460
21 12410
22 3650
23 42340
24 60590
SEPARATOR FOR TOPIC22
PARTITION SEPARATOR0 1876
1 69412
2 39396
3 78792
4 56280
5 38458
6 16884
7 40334
8 19698
9 30016
10 11256
11 14070
12 45962
13 45962
14 19698
15 20636
16 17822
17 91924
18 60032
19 45962
20 68474
21 35644
22 80668
23 81606
24 65660
SEPARATOR FOR TOPIC23
PARTITION SEPARATOR0 14400
1 16560
2 180
3 15840
4 10260
5 3060
6 9360
7 5040
8 9180
9 15660
10 8820
11 5940
12 15840
13 2520
14 12420
15 17280
16 2700
17 6840
18 6840
19 3600
20 4860
21 6660
22 7200
23 10980
24 8280
SEPARATOR FOR TOPIC24
PARTITION SEPARATOR0 31689
1 5533
2 9054
3 40240
4 38731
5 7545
6 41749
7 15090
8 31186
9 46779
10 36216
11 7545
12 12575
13 37725
14 5030
15 1006
16 44767
17 3018
18 15593
19 34707
20 5533
21 43761
22 47282
23 43761
24 39234
SEPARATOR FOR TOPIC25
PARTITION SEPARATOR0 10632
1 34554
2 0
3 6202
4 19492
5 86828
6 18606
7 44300
8 70880
9 87714
10 80626
11 15948
12 36326
13 70880
14 72652
15 76196
16 63792
17 59362
18 13290
19 18606
20 22150
21 68222
22 1772
23 46958
24 18606
SEPARATOR FOR TOPIC26
PARTITION SEPARATOR0 1842
1 19955
2 20262
3 26709
4 10438
5 15043
6 27016
7 28551
8 29779
9 16885
10 2763
11 6754
12 9517
13 7982
14 14736
15 1535
16 21797
17 23332
18 29165
19 27937
20 614
21 5219
22 1535
23 9517
24 19648
SEPARATOR FOR TOPIC27
PARTITION SEPARATOR0 69480
1 13510
2 83955
3 8685
4 20265
5 36670
6 37635
7 43425
8 76235
9 68515
10 89745
11 3860
12 73340
13 73340
14 53075
15 91675
16 90710
17 77200
18 1930
19 19300
20 36670
21 19300
22 54040
23 74305
24 39565
SEPARATOR FOR TOPIC28
PARTITION SEPARATOR0 23166
1 10530
2 2808
3 3276
4 9126
5 3042
6 23166
7 6786
8 11466
9 11934
10 8190
11 6552
12 4680
13 14274
14 15912
15 1404
16 21996
17 18018
18 4446
19 11700
20 23166
21 7488
22 16380
23 18486
24 19890
SEPARATOR FOR TOPIC29
PARTITION SEPARATOR0 5400
1 7440
2 1200
3 9120
4 5400
5 11040
6 11880
7 5880
8 9840
9 3720
10 2040
11 1200
12 7200
13 4920
14 2040
15 6240
16 6240
17 4920
18 10800
19 5640
20 10080
21 9000
22 5400
23 3360
24 8760
SEPARATOR FOR TOPIC30
PARTITION SEPARATOR0 3080
1 3652
2 1452
3 3124
4 3652
5 1320
6 1980
7 2684
8 1936
9 2552
10 2772
11 4268
12 3784
13 2904
14 1936
15 3696
16 3124
17 396
18 2816
19 2464
20 1936
21 2904
22 4224
23 660
24 2112
SEPARATOR FOR TOPIC31
PARTITION SEPARATOR0 9261
1 12495
2 4851
3 9996
4 7791
5 4116
6 2499
7 1323
8 12936
9 14406
10 13377
11 8085
12 1029
13 3234
14 7350
15 588
16 2499
17 1470
18 10290
19 6321
20 10584
21 6615
22 3969
23 6468
24 11760
SEPARATOR FOR TOPIC32
PARTITION SEPARATOR0 17157
1 47859
2 56889
3 73143
4 38829
5 59598
6 70434
7 27090
8 73143
9 86688
10 50568
11 43344
12 24381
13 81270
14 5418
15 77658
16 28896
17 33411
18 10836
19 44247
20 4515
21 77658
22 7224
23 77658
24 29799
SEPARATOR FOR TOPIC33
PARTITION SEPARATOR0 45080
1 32340
2 16170
3 19110
4 43610
5 7350
6 43120
7 2450
8 28910
9 15680
10 4410
11 11760
12 3430
13 23030
14 24500
15 1470
16 34300
17 36260
18 43610
19 18620
20 2450
21 27930
22 48510
23 20580
24 33320
SEPARATOR FOR TOPIC34
PARTITION SEPARATOR0 47340
1 59175
2 33138
3 7101
4 37083
5 40239
6 44184
7 64698
8 71799
9 7890
10 31560
11 52863
12 58386
13 2367
14 49707
15 62331
16 41817
17 48918
18 21303
19 13413
20 66276
21 32349
22 41028
23 2367
24 74166
SEPARATOR FOR TOPIC35
PARTITION SEPARATOR0 759
1 594
2 297
3 594
4 2013
5 3135
6 2574
7 165
8 132
9 2178
10 1683
11 1023
12 1452
13 165
14 693
15 66
16 2574
17 3135
18 3036
19 165
20 1155
21 66
22 1320
23 396
24 33
SEPARATOR FOR TOPIC36
PARTITION SEPARATOR0 53900
1 90160
2 72520
3 82320
4 22540
5 33320
6 9800
7 57820
8 94080
9 980
10 62720
11 9800
12 48020
13 79380
14 94080
15 0
16 40180
17 15680
18 50960
19 47040
20 18620
21 91140
22 62720
23 55860
24 16660
SEPARATOR FOR TOPIC37
PARTITION SEPARATOR0 33943
1 22007
2 13055
3 1119
4 23499
5 34316
6 20888
7 4849
8 7087
9 12682
10 31705
11 11936
12 3730
13 3730
14 5595
15 6714
16 24245
17 24618
18 24991
19 32078
20 22007
21 23499
22 1865
23 12309
24 0
SEPARATOR FOR TOPIC38
PARTITION SEPARATOR0 71852
1 2343
2 13277
3 49984
4 62480
5 51546
6 18744
7 53108
8 30459
9 75757
10 36707
11 39050
12 75757
13 3124
14 42955
15 48422
16 28116
17 29678
18 33583
19 72633
20 25773
21 64042
22 12496
23 67947
24 67947
SEPARATOR FOR TOPIC39
PARTITION SEPARATOR0 18036
1 52104
2 14028
3 57448
4 14696
5 22712
6 60120
7 40080
8 35404
9 45424
10 54776
11 7348
12 53440
13 28056
14 62792
15 48764
16 28056
17 66132
18 33400
19 65464
20 55444
21 24048
22 7348
23 34068
24 42084
SEPARATOR FOR TOPIC40
PARTITION SEPARATOR0 19380
1 41344
2 53618
3 11628
4 7106
5 27132
6 20672
7 41344
8 3876
9 45866
10 32946
11 35530
12 0
13 19380
14 49096
15 31654
16 1292
17 17442
18 26486
19 36176
20 45866
21 38114
22 35530
23 7752
24 12920
SEPARATOR FOR TOPIC41
PARTITION SEPARATOR0 41154
1 41154
2 33934
3 29602
4 28880
5 28880
6 43320
7 51984
8 2166
9 46208
10 15884
11 65702
12 64980
13 29602
14 24548
15 67868
16 31046
17 55594
18 7220
19 62092
20 5776
21 67146
22 38988
23 70756
24 3610
SEPARATOR FOR TOPIC42
PARTITION SEPARATOR0 21141
1 243
2 17253
3 8019
4 1944
5 19440
6 17010
7 5832
8 13608
9 4131
10 11907
11 6318
12 3402
13 18468
14 6804
15 22113
16 22842
17 15309
18 243
19 5589
20 8505
21 13122
22 23571
23 18225
24 13851
SEPARATOR FOR TOPIC43
PARTITION SEPARATOR0 45315
1 46110
2 64395
3 68370
4 30210
5 41340
6 38955
7 44520
8 30210
9 24645
10 71550
11 6360
12 52470
13 2385
14 54855
15 6360
16 15900
17 31005
18 60420
19 50085
20 70755
21 22260
22 63600
23 71550
24 30210
SEPARATOR FOR TOPIC44
PARTITION SEPARATOR0 4400
1 11616
2 1760
3 16544
4 14080
5 9680
6 16192
7 7568
8 6864
9 5280
10 16896
11 5632
12 9152
13 5632
14 8624
15 8800
16 16368
17 3696
18 16192
19 11792
20 10208
21 9680
22 8800
23 3344
24 15664
SEPARATOR FOR TOPIC45
PARTITION SEPARATOR0 28000
1 36750
2 70000
3 49000
4 69125
5 28875
6 66500
7 17500
8 27125
9 5250
10 26250
11 77875
12 14875
13 73500
14 51625
15 24500
16 54250
17 71750
18 24500
19 79625
20 63875
21 47250
22 59500
23 63875
24 46375
SEPARATOR FOR TOPIC46
PARTITION SEPARATOR0 28840
1 44290
2 2060
3 26265
4 43775
5 40685
6 22660
7 2575
8 18025
9 37595
10 2575
11 27810
12 35535
13 33475
14 4635
15 13905
16 6695
17 13390
18 38110
19 6180
20 47895
21 43260
22 35020
23 17510
24 29870
SEPARATOR FOR TOPIC47
PARTITION SEPARATOR0 3116
1 5576
2 3444
3 11152
4 984
5 7380
6 1476
7 10660
8 15908
9 12956
10 3280
11 5740
12 8856
13 3444
14 12136
15 11644
16 14104
17 4100
18 6232
19 13284
20 13120
21 7216
22 10168
23 7872
24 5576
SEPARATOR FOR TOPIC48
PARTITION SEPARATOR0 58788
1 39192
2 74124
3 65604
4 46008
5 52824
6 22152
7 76680
8 852
9 14484
10 62196
11 44304
12 34932
13 56232
14 45156
15 32376
16 11928
17 10224
18 56232
19 57936
20 74124
21 68160
22 66456
23 69864
24 30672
SEPARATOR FOR TOPIC49
PARTITION SEPARATOR0 37062
1 37062
2 18270
3 31842
4 35496
5 51156
6 24012
7 3132
8 46458
9 38628
10 27144
11 2610
12 3654
13 32364
14 14094
15 31842
16 16704
17 37062
18 21924
19 0
20 17748
21 19314
22 24534
23 43326
24 8352
SEPARATOR FOR TOPIC50
PARTITION SEPARATOR0 5776
1 27056
2 4864
3 29488
4 4864
5 17024
6 24928
7 0
8 16416
9 10944
10 20064
11 15200
12 17024
13 15504
14 16720
15 22800
16 19152
17 27360
18 4256
19 23712
20 6384
21 24928
22 14288
23 17632
24 912
SEPARATOR FOR TOPIC51
PARTITION SEPARATOR0 12028
1 5820
2 13386
3 18042
4 0
5 19012
6 6596
7 2328
8 8730
9 1358
10 11252
11 16296
12 7178
13 18624
14 13774
15 8924
16 13774
17 8148
18 8536
19 18430
20 10088
21 4462
22 4850
23 8148
24 9506
SEPARATOR FOR TOPIC52
PARTITION SEPARATOR0 4503
1 12798
2 10665
3 22515
4 2133
5 7584
6 4266
7 10665
8 15642
9 0
10 14457
11 15879
12 16827
13 19908
14 22041
15 16590
16 19671
17 10191
18 14931
19 20856
20 20382
21 16353
22 2370
23 4266
24 18723
SEPARATOR FOR TOPIC53
PARTITION SEPARATOR0 63342
1 64260
2 83538
3 27540
4 35802
5 42228
6 46818
7 55998
8 46818
9 61506
10 9180
11 38556
12 17442
13 37638
14 80784
15 72522
16 44064
17 75276
18 57834
19 58752
20 48654
21 69768
22 89046
23 78948
24 84456
SEPARATOR FOR TOPIC54
PARTITION SEPARATOR0 2844
1 7821
2 15168
3 4029
4 13509
5 17064
6 18486
7 21330
8 18012
9 22752
10 6636
11 5451
12 10665
13 7347
14 22515
15 18960
16 948
17 4740
18 1422
19 19671
20 12087
21 11139
22 12561
23 23463
24 20856
SEPARATOR FOR TOPIC55
PARTITION SEPARATOR0 77995
1 16420
2 76353
3 13957
4 54186
5 59112
6 9852
7 74711
8 48439
9 56649
10 20525
11 42692
12 7389
13 22988
14 7389
15 9031
16 31198
17 50081
18 67322
19 68964
20 55828
21 9031
22 40229
23 72248
24 22988
SEPARATOR FOR TOPIC56
PARTITION SEPARATOR0 65773
1 21624
2 26129
3 17119
4 18020
5 33337
6 26129
7 5406
8 87397
9 54961
10 35139
11 78387
12 6307
13 40545
14 1802
15 82892
16 8109
17 39644
18 56763
19 48654
20 73882
21 84694
22 64872
23 50456
24 52258
SEPARATOR FOR TOPIC57
PARTITION SEPARATOR0 17121
1 43022
2 7902
3 30730
4 36437
5 10975
6 24145
7 27218
8 10975
9 12731
10 3951
11 22828
12 11414
13 8341
14 16682
15 34242
16 878
17 42583
18 24145
19 21511
20 36876
21 31169
22 36437
23 15365
24 29413
SEPARATOR FOR TOPIC58
PARTITION SEPARATOR0 21497
1 259
2 23051
3 18130
4 4921
5 11137
6 9324
7 19425
8 7511
9 22015
10 4662
11 11137
12 18389
13 7770
14 10878
15 17094
16 21497
17 15281
18 20979
19 19943
20 18907
21 25123
22 19425
23 24346
24 13986
SEPARATOR FOR TOPIC59
PARTITION SEPARATOR0 43859
1 70462
2 69024
3 719
4 48173
5 5033
6 58239
7 63272
8 9347
9 61115
10 53206
11 45297
12 5033
13 33074
14 41702
15 33074
16 52487
17 46016
18 71181
19 45297
20 11504
21 28041
22 39545
23 0
24 40983
SEPARATOR FOR TOPIC60
PARTITION SEPARATOR0 22470
1 23968
2 7490
3 38199
4 48685
5 44191
6 43442
7 38199
8 7490
9 67410
10 31458
11 2996
12 5992
13 61418
14 61418
15 54677
16 8239
17 26215
18 31458
19 50932
20 23968
21 48685
22 34454
23 60669
24 50932
SEPARATOR FOR TOPIC61
PARTITION SEPARATOR0 13957
1 60754
2 11494
3 61575
4 4926
5 15599
6 9852
7 60754
8 12315
9 32019
10 10673
11 16420
12 48439
13 35303
14 79637
15 37766
16 50902
17 74711
18 77995
19 27093
20 12315
21 77995
22 9031
23 54186
24 38587
SEPARATOR FOR TOPIC62
PARTITION SEPARATOR0 9590
1 3836
2 25208
3 1096
4 6576
5 3288
6 22742
7 24934
8 12056
9 1370
10 19728
11 19454
12 6302
13 11234
14 11234
15 9864
16 1918
17 4110
18 14522
19 14522
20 15618
21 26852
22 11508
23 15070
24 10960
SEPARATOR FOR TOPIC63
PARTITION SEPARATOR0 19810
1 24904
2 39054
3 10754
4 44714
5 15282
6 22640
7 27734
8 9056
9 22640
10 19244
11 35658
12 20376
13 18678
14 7358
15 13018
16 26602
17 54902
18 9622
19 30564
20 9622
21 28866
22 28300
23 49242
24 51506
SEPARATOR FOR TOPIC64
PARTITION SEPARATOR0 17480
1 26220
2 31464
3 62054
4 81282
5 15732
6 25346
7 21850
8 86526
9 47196
10 38456
11 80408
12 69046
13 3496
14 21850
15 20976
16 78660
17 53314
18 32338
19 46322
20 28842
21 15732
22 32338
23 13110
24 15732
SEPARATOR FOR TOPIC65
PARTITION SEPARATOR0 5128
1 36537
2 12179
3 41024
4 8974
5 39101
6 52562
7 5128
8 26922
9 58972
10 641
11 38460
12 35255
13 2564
14 0
15 10256
16 26281
17 48075
18 57049
19 8333
20 10897
21 16025
22 62818
23 3205
24 61536
SEPARATOR FOR TOPIC66
PARTITION SEPARATOR0 78660
1 8550
2 29070
3 63270
4 57285
5 67545
6 50445
7 22230
8 5130
9 5985
10 39330
11 7695
12 75240
13 10260
14 64980
15 67545
16 23085
17 9405
18 58140
19 17100
20 12825
21 53865
22 54720
23 51300
24 41040
SEPARATOR FOR TOPIC67
PARTITION SEPARATOR0 61152
1 21840
2 40768
3 36400
4 53144
5 31304
6 69888
7 15288
8 51688
9 36400
10 16016
11 14560
12 62608
13 14560
14 4368
15 7280
16 10192
17 16744
18 40040
19 37856
20 33488
21 21840
22 9464
23 42952
24 2184
SEPARATOR FOR TOPIC68
PARTITION SEPARATOR0 760
1 1577
2 1862
3 247
4 988
5 114
6 399
7 1406
8 1881
9 1292
10 1482
11 1881
12 304
13 285
14 1653
15 323
16 817
17 57
18 931
19 342
20 304
21 893
22 399
23 1482
24 456
SEPARATOR FOR TOPIC69
PARTITION SEPARATOR0 63040
1 21670
2 8865
3 7880
4 64025
5 48265
6 2955
7 26595
8 12805
9 30535
10 79785
11 9850
12 68950
13 46295
14 28565
15 40385
16 58115
17 53190
18 31520
19 85695
20 42355
21 80770
22 50235
23 34475
24 41370
SEPARATOR FOR TOPIC70
PARTITION SEPARATOR0 7680
1 26880
2 3520
3 21440
4 320
5 6400
6 31040
7 8640
8 17600
9 23680
10 27840
11 9600
12 22080
13 11520
14 24640
15 6400
16 21760
17 4480
18 12480
19 24960
20 12480
21 5440
22 3520
23 5440
24 24320
SEPARATOR FOR TOPIC71
PARTITION SEPARATOR0 32760
1 11466
2 3276
3 50232
4 17472
5 2184
6 37674
7 9828
8 9282
9 36582
10 43680
11 4368
12 27846
13 13104
14 48048
15 21840
16 9828
17 32760
18 48594
19 20202
20 14196
21 31122
22 3276
23 36582
24 6006
SEPARATOR FOR TOPIC72
PARTITION SEPARATOR0 7408
1 13890
2 13890
3 1852
4 22224
5 23150
6 62042
7 2778
8 15742
9 31484
10 82414
11 31484
12 80562
13 2778
14 59264
15 84266
16 10186
17 12038
18 79636
19 80562
20 89822
21 48152
22 17594
23 48152
24 29632
SEPARATOR FOR TOPIC73
PARTITION SEPARATOR0 12415
1 79265
2 34380
3 40110
4 49660
5 0
6 84040
7 23875
8 1910
9 12415
10 91680
11 8595
12 15280
13 3820
14 50615
15 3820
16 67805
17 81175
18 61120
19 55390
20 94545
21 68760
22 41065
23 85950
24 85950
SEPARATOR FOR TOPIC74
PARTITION SEPARATOR0 49552
1 18256
2 1304
3 44988
4 51508
5 10432
6 8476
7 46944
8 63896
9 7824
10 44988
11 39772
12 44336
13 46944
14 52160
15 14344
16 54768
17 25428
18 16300
19 25428
20 6520
21 58028
22 1956
23 9780
24 24776
SEPARATOR FOR TOPIC75
PARTITION SEPARATOR0 16450
1 24500
2 25200
3 15050
4 12600
5 5250
6 33250
7 29050
8 19250
9 3150
10 24150
11 22400
12 12600
13 24500
14 31500
15 31150
16 3500
17 28000
18 21350
19 33250
20 26600
21 4550
22 10150
23 16100
24 28700
SEPARATOR FOR TOPIC76
PARTITION SEPARATOR0 41830
1 14240
2 3560
3 71200
4 40050
5 88110
6 28480
7 43610
8 39160
9 17800
10 24920
11 77430
12 76540
13 73870
14 7120
15 32930
16 32040
17 16020
18 88110
19 62300
20 61410
21 68530
22 0
23 77430
24 78320
SEPARATOR FOR TOPIC77
PARTITION SEPARATOR0 27636
1 54096
2 56448
3 47040
4 51744
5 10584
6 34692
7 34692
8 31164
9 17052
10 27048
11 37632
12 27048
13 24696
14 1764
15 50568
16 24108
17 1176
18 22932
19 45276
20 57036
21 39984
22 47628
23 40572
24 31164
SEPARATOR FOR TOPIC78
PARTITION SEPARATOR0 38622
1 11304
2 43332
3 16014
4 20724
5 56520
6 48042
7 81954
8 48042
9 57462
10 74418
11 45216
12 83838
13 54636
14 51810
15 9420
16 3768
17 60288
18 26376
19 44274
20 25434
21 7536
22 91374
23 81954
24 9420
SEPARATOR FOR TOPIC79
PARTITION SEPARATOR0 38532
1 34983
2 507
3 32448
4 7098
5 50193
6 3042
7 22815
8 507
9 48165
10 27378
11 27378
12 2535
13 18759
14 29913
15 46137
16 7605
17 7098
18 5070
19 21294
20 33462
21 10647
22 14703
23 17745
24 1521
SEPARATOR FOR TOPIC80
PARTITION SEPARATOR0 2944
1 2944
2 1504
3 1344
4 0
5 160
6 3040
7 1696
8 2368
9 2880
10 2752
11 1952
12 1344
13 256
14 320
15 2112
16 2592
17 2528
18 32
19 1856
20 2528
21 2624
22 1440
23 2464
24 1952
SEPARATOR FOR TOPIC81
PARTITION SEPARATOR0 12648
1 12276
2 26040
3 19716
4 14136
5 27900
6 5208
7 2232
8 28272
9 35340
10 26412
11 6324
12 6324
13 29388
14 23808
15 15996
16 7068
17 22692
18 33480
19 32736
20 5208
21 33108
22 36456
23 27528
24 9672
SEPARATOR FOR TOPIC82
PARTITION SEPARATOR0 78456
1 64446
2 64446
3 84994
4 53238
5 59776
6 78456
7 30822
8 70984
9 18680
10 16812
11 55106
12 74720
13 25218
14 20548
15 45766
16 40162
17 34558
18 9340
19 87796
20 61644
21 22416
22 75654
23 43898
24 30822
SEPARATOR FOR TOPIC83
PARTITION SEPARATOR0 13220
1 10576
2 35694
3 52880
4 2644
5 27762
6 58168
7 3966
8 35033
9 33050
10 55524
11 27762
12 3966
13 19830
14 62795
15 31067
16 30406
17 41643
18 60151
19 19830
20 54202
21 40982
22 31728
23 20491
24 23135
SEPARATOR FOR TOPIC84
PARTITION SEPARATOR0 79989
1 41313
2 63288
3 3516
4 43950
5 54498
6 79989
7 17580
8 40434
9 53619
10 56256
11 3516
12 70320
13 72078
14 87021
15 58893
16 37797
17 83505
18 7032
19 23733
20 81747
21 7911
22 7032
23 58893
24 52740
SEPARATOR FOR TOPIC85
PARTITION SEPARATOR0 6112
1 28650
2 2674
3 19482
4 12988
5 33998
6 2292
7 3438
8 5730
9 34762
10 31324
11 31706
12 2674
13 8786
14 12988
15 2674
16 13370
17 12606
18 7640
19 7640
20 20628
21 11842
22 19100
23 24066
24 19864
SEPARATOR FOR TOPIC86
PARTITION SEPARATOR0 12240
1 6192
2 6048
3 2736
4 4464
5 7920
6 288
7 9936
8 4464
9 9360
10 6192
11 7344
12 1296
13 11232
14 6336
15 13968
16 4176
17 1872
18 13248
19 2592
20 1728
21 4752
22 7632
23 6048
24 9072
SEPARATOR FOR TOPIC87
PARTITION SEPARATOR0 6880
1 2236
2 7912
3 430
4 1806
5 4214
6 774
7 1118
8 4386
9 6278
10 1462
11 6622
12 5160
13 3440
14 5418
15 2150
16 516
17 7482
18 2064
19 258
20 4386
21 7224
22 2924
23 6106
24 3526
SEPARATOR FOR TOPIC88
PARTITION SEPARATOR0 34980
1 25440
2 25440
3 47064
4 12720
5 18444
6 58512
7 9540
8 6360
9 57240
10 17172
11 15264
12 4452
13 5088
14 46428
15 17808
16 16536
17 41340
18 3180
19 2544
20 29892
21 37524
22 10812
23 19716
24 41340
SEPARATOR FOR TOPIC89
PARTITION SEPARATOR0 24338
1 27451
2 6792
3 20942
4 25187
5 22074
6 14999
7 21225
8 18112
9 11603
10 13867
11 27168
12 9339
13 26885
14 13584
15 17263
16 11886
17 20659
18 16697
19 14999
20 15565
21 25187
22 16697
23 23489
24 24055
SEPARATOR FOR TOPIC90
PARTITION SEPARATOR0 1568
1 2528
2 352
3 2624
4 2496
5 864
6 1760
7 2112
8 32
9 448
10 2112
11 384
12 2656
13 544
14 1152
15 1408
16 480
17 2272
18 1792
19 2208
20 832
21 1920
22 352
23 2944
24 736
SEPARATOR FOR TOPIC91
PARTITION SEPARATOR0 21504
1 4608
2 17920
3 6912
4 2304
5 17152
6 17664
7 8960
8 13824
9 21760
10 3328
11 15104
12 21760
13 9984
14 23296
15 23296
16 6912
17 9472
18 11008
19 11264
20 1536
21 11520
22 2560
23 14848
24 22016
SEPARATOR FOR TOPIC92
PARTITION SEPARATOR0 31008
1 60192
2 56544
3 32832
4 55632
5 10032
6 16416
7 35568
8 67488
9 13680
10 87552
11 79344
12 38304
13 1824
14 17328
15 66576
16 64752
17 20976
18 43776
19 15504
20 40128
21 90288
22 61104
23 42864
24 912
SEPARATOR FOR TOPIC93
PARTITION SEPARATOR0 64071
1 43505
2 69608
3 30058
4 15029
5 49042
6 23730
7 48251
8 75936
9 4746
10 66444
11 34804
12 63280
13 17402
14 29267
15 2373
16 46669
17 9492
18 54579
19 21357
20 29267
21 17402
22 68817
23 48251
24 49042
SEPARATOR FOR TOPIC94
PARTITION SEPARATOR0 34875
1 26350
2 20150
3 66650
4 62000
5 2325
6 76725
7 7750
8 6975
9 6200
10 40300
11 32550
12 17825
13 17825
14 3100
15 31775
16 58125
17 52700
18 23250
19 17825
20 62000
21 75175
22 66650
23 41075
24 34100
SEPARATOR FOR TOPIC95
PARTITION SEPARATOR0 8316
1 17424
2 11088
3 4356
4 792
5 13068
6 9306
7 792
8 17424
9 13464
10 16236
11 14850
12 7128
13 7920
14 0
15 14850
16 10890
17 594
18 4752
19 18810
20 8712
21 396
22 9306
23 9108
24 14652
SEPARATOR FOR TOPIC96
PARTITION SEPARATOR0 24119
1 5691
2 25745
3 22764
4 10027
5 10840
6 19783
7 10298
8 23306
9 4065
10 26558
11 24119
12 10298
13 10298
14 26016
15 8401
16 26287
17 23306
18 5691
19 26829
20 21409
21 26829
22 18699
23 13008
24 14905
SEPARATOR FOR TOPIC97
PARTITION SEPARATOR0 24384
1 22860
2 20955
3 30480
4 14478
5 13716
6 3048
7 20574
8 14097
9 11049
10 8382
11 6858
12 21336
13 4191
14 16383
15 21717
16 29718
17 7620
18 5334
19 30099
20 10287
21 27432
22 37338
23 36957
24 37719
SEPARATOR FOR TOPIC98
PARTITION SEPARATOR0 9472
1 26344
2 5032
3 20424
4 22496
5 23680
6 21016
7 12432
8 25752
9 9768
10 27528
11 4144
12 9176
13 27232
14 2072
15 26048
16 2960
17 8288
18 11248
19 4144
20 23680
21 13616
22 17760
23 20424
24 4144
SEPARATOR FOR TOPIC99
PARTITION SEPARATOR0 14872
1 14534
2 12675
3 338
4 5070
5 5915
6 8619
7 4901
8 8281
9 2704
10 0
11 3718
12 10647
13 14196
14 8112
15 9464
16 3887
17 14534
18 16731
19 13858
20 2535
21 507
22 4056
23 9802
24 5746
